       Value   Percentile   TotalCount 1/(1-Percentile)

        0.02     0.000000          314         1.00
        1.02     0.050000       410741         1.05
        1.09     0.100000       825534         1.11
        1.14     0.150000      1223525         1.18
        1.17     0.200000      1629852         1.25
        1.20     0.250000      2102504         1.33
        1.22     0.300000      2485192         1.43
        1.25     0.350000      2883544         1.54
        1.27     0.400000      3282379         1.67
        1.29     0.450000      3673292         1.82
        1.32     0.500000      4038847         2.00
        1.33     0.525000      4261416         2.11
        1.35     0.550000      4463940         2.22
        1.37     0.575000      4646384         2.35
        1.38     0.600000      4808958         2.50
        1.41     0.625000      5019525         2.67
        1.44     0.650000      5240354         2.86
        1.47     0.675000      5413582         3.08
        1.52     0.700000      5606510         3.33
        1.59     0.725000      5801445         3.64
        1.70     0.750000      6008809         4.00
        1.77     0.762500      6100843         4.21
        1.85     0.775000      6202360         4.44
        1.91     0.787500      6300164         4.71
        1.96     0.800000      6400324         5.00
        2.00     0.812500      6506119         5.33
        2.03     0.825000      6602620         5.71
        2.06     0.837500      6707626         6.15
        2.10     0.850000      6815777         6.67
        2.13     0.862500      6922732         7.27
        2.16     0.875000      7023960         8.00
        2.17     0.881250      7071030         8.42
        2.19     0.887500      7115904         8.89
        2.21     0.893750      7158196         9.41
        2.24     0.900000      7236068        10.00
        2.25     0.906250      7272397        10.67
        2.27     0.912500      7306546        11.43
        2.30     0.918750      7369093        12.31
        2.33     0.925000      7424259        13.33
        2.35     0.931250      7449809        14.55
        2.40     0.937500      7519630        16.00
        2.42     0.940625      7541251        16.84
        2.43     0.943750      7561861        17.78
        2.45     0.946875      7581690        18.82
        2.46     0.950000      7600700        20.00
        2.50     0.953125      7636064        21.33
        2.51     0.956250      7652786        22.86
        2.54     0.959375      7683871        24.62
        2.58     0.962500      7711995        26.67
        2.59     0.965625      7724834        29.09
        2.64     0.968750      7757194        32.00
        2.65     0.970313      7766524        33.68
        2.67     0.971875      7775513        35.56
        2.70     0.973437      7791375        37.65
        2.73     0.975000      7804537        40.00
        2.77     0.976562      7815624        42.67
        2.80     0.978125      7825130        45.71
        2.86     0.979688      7839735        49.23
        2.93     0.981250      7851084        53.33
        3.01     0.982812      7863523        58.18
        3.09     0.984375      7876431        64.00
        3.12     0.985156      7881681        67.37
        3.15     0.985938      7887107        71.11
        3.20     0.986719      7895462        75.29
        3.23     0.987500      7901360        80.00
        3.26     0.988281      7907090        85.33
        3.29     0.989062      7913154        91.43
        3.33     0.989844      7919075        98.46
        3.36     0.990625      7924703       106.67
        3.41     0.991406      7932674       116.36
        3.44     0.992188      7937513       128.00
        3.46     0.992578      7939941       134.74
        3.49     0.992969      7944337       142.22
        3.50     0.993359      7946391       150.59
        3.54     0.993750      7950196       160.00
        3.57     0.994141      7953505       170.67
        3.60     0.994531      7956623       182.86
        3.63     0.994922      7959258       196.92
        3.66     0.995313      7961754       213.33
        3.71     0.995703      7964970       232.73
        3.77     0.996094      7968303       256.00
        3.81     0.996289      7969757       269.47
        3.85     0.996484      7971604       284.44
        3.89     0.996680      7972723       301.18
        3.95     0.996875      7974463       320.00
        4.01     0.997070      7975867       341.33
        4.09     0.997266      7977411       365.71
        4.19     0.997461      7978999       393.85
        4.32     0.997656      7980891       426.67
        4.45     0.997852      7982301       465.45
        4.64     0.998047      7983650       512.00
        4.77     0.998145      7984396       538.95
        4.96     0.998242      7985185       568.89
        5.18     0.998340      7985976       602.35
        5.41     0.998437      7986710       640.00
        5.66     0.998535      7987549       682.67
        5.92     0.998633      7988287       731.43
        6.21     0.998730      7989094       787.69
        6.50     0.998828      7989875       853.33
        6.78     0.998926      7990628       930.91
        7.10     0.999023      7991431      1024.00
        7.26     0.999072      7991786      1077.89
        7.46     0.999121      7992173      1137.78
        7.68     0.999170      7992592      1204.71
        7.90     0.999219      7992958      1280.00
        8.26     0.999268      7993368      1365.33
        8.64     0.999316      7993750      1462.86
        9.09     0.999365      7994130      1575.38
        9.66     0.999414      7994563      1706.67
       10.24     0.999463      7994922      1861.82
       10.88     0.999512      7995304      2048.00
       11.26     0.999536      7995513      2155.79
       11.65     0.999561      7995715      2275.56
       12.03     0.999585      7995911      2409.41
       12.41     0.999609      7996095      2560.00
       12.80     0.999634      7996289      2730.67
       13.18     0.999658      7996485      2925.71
       13.57     0.999683      7996679      3150.77
       13.95     0.999707      7996874      3413.33
       14.46     0.999731      7997066      3723.64
       14.97     0.999756      7997271      4096.00
       15.17     0.999768      7997345      4311.58
       15.49     0.999780      7997456      4551.11
       15.81     0.999792      7997558      4818.82
       16.13     0.999805      7997647      5120.00
       16.51     0.999817      7997742      5461.33
       17.02     0.999829      7997864      5851.43
       17.41     0.999841      7997952      6301.54
       17.79     0.999854      7998042      6826.67
       18.18     0.999866      7998128      7447.27
       18.69     0.999878      7998254      8192.00
       18.82     0.999884      7998299      8623.16
       18.94     0.999890      7998329      9102.22
       19.20     0.999896      7998383      9637.65
       19.45     0.999902      7998433     10240.00
       19.71     0.999908      7998481     10922.67
       20.22     0.999915      7998525     11702.86
       21.63     0.999921      7998567     12603.08
       24.45     0.999927      7998617     13653.33
       25.21     0.999933      7998665     14894.55
       26.88     0.999939      7998724     16384.00
       27.14     0.999942      7998743     17246.32
       27.52     0.999945      7998764     18204.44
       28.54     0.999948      7998791     19275.29
       29.05     0.999951      7998810     20480.00
       33.79     0.999954      7998834     21845.33
       58.88     0.999957      7998861     23405.71
       60.67     0.999960      7998883     25206.15
       64.51     0.999963      7998908     27306.67
       67.07     0.999966      7998937     29789.09
       69.12     0.999969      7998956     32768.00
       71.68     0.999971      7998974     34492.63
       72.70     0.999973      7998982     36408.89
       74.75     0.999974      7998994     38550.59
       76.29     0.999976      7999008     40960.00
       77.31     0.999977      7999019     43690.67
       79.36     0.999979      7999031     46811.43
       81.92     0.999980      7999044     50412.31
       83.45     0.999982      7999056     54613.33
       84.99     0.999983      7999069     59578.18
       87.55     0.999985      7999080     65536.00
       88.58     0.999986      7999087     68985.26
       89.09     0.999986      7999091     72817.78
       90.11     0.999987      7999098     77101.18
       91.14     0.999988      7999104     81920.00
       92.16     0.999989      7999112     87381.33
       92.67     0.999989      7999118     93622.86
       93.69     0.999990      7999121    100824.62
       95.74     0.999991      7999127    109226.67
       96.77     0.999992      7999133    119156.36
       97.79     0.999992      7999142    131072.00
       98.30     0.999993      7999144    137970.53
       98.81     0.999993      7999146    145635.56
       99.33     0.999994      7999149    154202.35
      100.35     0.999994      7999152    163840.00
      100.86     0.999994      7999155    174762.67
      101.38     0.999995      7999158    187245.71
      102.40     0.999995      7999161    201649.23
      103.94     0.999995      7999164    218453.33
      105.47     0.999996      7999168    238312.73
      106.50     0.999996      7999171    262144.00
      107.01     0.999996      7999173    275941.05
      107.01     0.999997      7999173    291271.11
      107.52     0.999997      7999175    308404.71
      108.03     0.999997      7999176    327680.00
      108.54     0.999997      7999178    349525.33
      109.06     0.999997      7999179    374491.43
      110.59     0.999998      7999181    403298.46
      111.10     0.999998      7999182    436906.67
      113.15     0.999998      7999185    476625.45
      113.15     0.999998      7999185    524288.00
      113.66     0.999998      7999186    551882.11
      114.17     0.999998      7999187    582542.22
      114.69     0.999998      7999188    616809.41
      114.69     0.999998      7999188    655360.00
      115.20     0.999999      7999190    699050.67
      115.20     0.999999      7999190    748982.86
      116.22     0.999999      7999192    806596.92
      116.22     0.999999      7999192    873813.33
      116.22     0.999999      7999192    953250.91
      116.73     0.999999      7999193   1048576.00
      116.73     0.999999      7999193   1103764.21
      117.25     0.999999      7999194   1165084.44
      117.25     0.999999      7999194   1233618.82
      117.25     0.999999      7999194   1310720.00
      117.76     0.999999      7999195   1398101.33
      117.76     0.999999      7999195   1497965.71
      118.27     0.999999      7999196   1613193.85
      118.27     0.999999      7999196   1747626.67
      118.27     0.999999      7999196   1906501.82
      119.81     1.000000      7999197   2097152.00
      119.81     1.000000      7999197   2207528.42
      119.81     1.000000      7999197   2330168.89
      119.81     1.000000      7999197   2467237.65
      119.81     1.000000      7999197   2621440.00
      120.32     1.000000      7999199   2796202.67
      120.32     1.000000      7999199   2995931.43
      120.32     1.000000      7999199   3226387.69
      120.32     1.000000      7999199   3495253.33
      120.32     1.000000      7999199   3813003.64
      120.32     1.000000      7999199   4194304.00
      120.32     1.000000      7999199   4415056.84
      120.32     1.000000      7999199   4660337.78
      120.32     1.000000      7999199   4934475.29
      120.32     1.000000      7999199   5242880.00
      120.32     1.000000      7999199   5592405.33
      120.32     1.000000      7999199   5991862.86
      120.32     1.000000      7999199   6452775.39
      120.32     1.000000      7999199   6990506.67
      120.32     1.000000      7999199   7626007.28
      121.34     1.000000      7999200   8388608.00
      121.34     1.000000      7999200          inf
#[Mean    =        1.513, StdDeviation   =        0.826]
#[Max     =      121.343, Total count    =      7999200]
#[Buckets =           10, SubBuckets     =          256]
