       Value   Percentile   TotalCount 1/(1-Percentile)

        0.02     0.000000          314         1.00
        1.02     0.050000       411332         1.05
        1.09     0.100000       826160         1.11
        1.14     0.150000      1224174         1.18
        1.17     0.200000      1630520         1.25
        1.20     0.250000      2103181         1.33
        1.22     0.300000      2485879         1.43
        1.25     0.350000      2884237         1.54
        1.27     0.400000      3283076         1.67
        1.29     0.450000      3673998         1.82
        1.32     0.500000      4039558         2.00
        1.33     0.525000      4262128         2.11
        1.35     0.550000      4464655         2.22
        1.37     0.575000      4647102         2.35
        1.38     0.600000      4809679         2.50
        1.41     0.625000      5020248         2.67
        1.44     0.650000      5241080         2.86
        1.47     0.675000      5414310         3.08
        1.52     0.700000      5607242         3.33
        1.59     0.725000      5802180         3.64
        1.70     0.750000      6009552         4.00
        1.77     0.762500      6101596         4.21
        1.85     0.775000      6203117         4.44
        1.91     0.787500      6300922         4.71
        1.96     0.800000      6401085         5.00
        2.00     0.812500      6506882         5.33
        2.03     0.825000      6603385         5.71
        2.06     0.837500      6708392         6.15
        2.10     0.850000      6816547         6.67
        2.13     0.862500      6923504         7.27
        2.16     0.875000      7024734         8.00
        2.17     0.881250      7071806         8.42
        2.19     0.887500      7116682         8.89
        2.21     0.893750      7158975         9.41
        2.24     0.900000      7236848        10.00
        2.25     0.906250      7273178        10.67
        2.27     0.912500      7307327        11.43
        2.30     0.918750      7369874        12.31
        2.33     0.925000      7425042        13.33
        2.35     0.931250      7450595        14.55
        2.40     0.937500      7520420        16.00
        2.42     0.940625      7542041        16.84
        2.43     0.943750      7562652        17.78
        2.45     0.946875      7582481        18.82
        2.46     0.950000      7601492        20.00
        2.50     0.953125      7636856        21.33
        2.51     0.956250      7653578        22.86
        2.54     0.959375      7684664        24.62
        2.58     0.962500      7712788        26.67
        2.59     0.965625      7725627        29.09
        2.64     0.968750      7757987        32.00
        2.65     0.970313      7767317        33.68
        2.67     0.971875      7776306        35.56
        2.70     0.973437      7792168        37.65
        2.73     0.975000      7805330        40.00
        2.77     0.976562      7816417        42.67
        2.80     0.978125      7825924        45.71
        2.86     0.979688      7840529        49.23
        2.93     0.981250      7851878        53.33
        3.01     0.982812      7864317        58.18
        3.09     0.984375      7877225        64.00
        3.12     0.985156      7882475        67.37
        3.15     0.985938      7887901        71.11
        3.20     0.986719      7896257        75.29
        3.23     0.987500      7902155        80.00
        3.26     0.988281      7907886        85.33
        3.29     0.989062      7913950        91.43
        3.33     0.989844      7919871        98.46
        3.36     0.990625      7925499       106.67
        3.41     0.991406      7933470       116.36
        3.44     0.992188      7938309       128.00
        3.46     0.992578      7940737       134.74
        3.49     0.992969      7945133       142.22
        3.50     0.993359      7947187       150.59
        3.54     0.993750      7950992       160.00
        3.57     0.994141      7954301       170.67
        3.60     0.994531      7957419       182.86
        3.63     0.994922      7960054       196.92
        3.66     0.995313      7962550       213.33
        3.71     0.995703      7965766       232.73
        3.77     0.996094      7969099       256.00
        3.81     0.996289      7970553       269.47
        3.85     0.996484      7972400       284.44
        3.89     0.996680      7973519       301.18
        3.95     0.996875      7975259       320.00
        4.01     0.997070      7976663       341.33
        4.09     0.997266      7978207       365.71
        4.19     0.997461      7979795       393.85
        4.32     0.997656      7981688       426.67
        4.45     0.997852      7983098       465.45
        4.64     0.998047      7984449       512.00
        4.77     0.998145      7985195       538.95
        4.96     0.998242      7985984       568.89
        5.18     0.998340      7986775       602.35
        5.41     0.998437      7987509       640.00
        5.66     0.998535      7988348       682.67
        5.92     0.998633      7989086       731.43
        6.21     0.998730      7989893       787.69
        6.50     0.998828      7990674       853.33
        6.78     0.998926      7991427       930.91
        7.10     0.999023      7992231      1024.00
        7.26     0.999072      7992586      1077.89
        7.46     0.999121      7992973      1137.78
        7.68     0.999170      7993392      1204.71
        7.90     0.999219      7993758      1280.00
        8.26     0.999268      7994168      1365.33
        8.64     0.999316      7994550      1462.86
        9.09     0.999365      7994930      1575.38
        9.66     0.999414      7995363      1706.67
       10.24     0.999463      7995722      1861.82
       10.88     0.999512      7996104      2048.00
       11.26     0.999536      7996313      2155.79
       11.65     0.999561      7996515      2275.56
       12.03     0.999585      7996711      2409.41
       12.41     0.999609      7996895      2560.00
       12.80     0.999634      7997089      2730.67
       13.18     0.999658      7997285      2925.71
       13.57     0.999683      7997479      3150.77
       13.95     0.999707      7997674      3413.33
       14.46     0.999731      7997866      3723.64
       14.97     0.999756      7998071      4096.00
       15.17     0.999768      7998145      4311.58
       15.49     0.999780      7998256      4551.11
       15.81     0.999792      7998358      4818.82
       16.13     0.999805      7998447      5120.00
       16.51     0.999817      7998542      5461.33
       17.02     0.999829      7998664      5851.43
       17.41     0.999841      7998752      6301.54
       17.79     0.999854      7998842      6826.67
       18.18     0.999866      7998928      7447.27
       18.69     0.999878      7999054      8192.00
       18.82     0.999884      7999099      8623.16
       18.94     0.999890      7999129      9102.22
       19.20     0.999896      7999183      9637.65
       19.45     0.999902      7999233     10240.00
       19.71     0.999908      7999281     10922.67
       20.22     0.999915      7999325     11702.86
       21.63     0.999921      7999367     12603.08
       24.45     0.999927      7999417     13653.33
       25.21     0.999933      7999465     14894.55
       26.88     0.999939      7999524     16384.00
       27.14     0.999942      7999543     17246.32
       27.52     0.999945      7999564     18204.44
       28.54     0.999948      7999591     19275.29
       29.05     0.999951      7999610     20480.00
       33.79     0.999954      7999634     21845.33
       58.88     0.999957      7999661     23405.71
       60.67     0.999960      7999683     25206.15
       64.51     0.999963      7999708     27306.67
       67.07     0.999966      7999737     29789.09
       69.12     0.999969      7999756     32768.00
       71.68     0.999971      7999774     34492.63
       72.70     0.999973      7999782     36408.89
       74.75     0.999974      7999794     38550.59
       76.29     0.999976      7999808     40960.00
       77.31     0.999977      7999819     43690.67
       79.36     0.999979      7999831     46811.43
       81.92     0.999980      7999844     50412.31
       83.45     0.999982      7999856     54613.33
       84.99     0.999983      7999869     59578.18
       87.55     0.999985      7999880     65536.00
       88.58     0.999986      7999887     68985.26
       89.09     0.999986      7999891     72817.78
       90.11     0.999987      7999898     77101.18
       91.14     0.999988      7999904     81920.00
       92.16     0.999989      7999912     87381.33
       92.67     0.999989      7999918     93622.86
       93.69     0.999990      7999921    100824.62
       95.74     0.999991      7999927    109226.67
       96.77     0.999992      7999933    119156.36
       97.79     0.999992      7999942    131072.00
       98.30     0.999993      7999944    137970.53
       98.81     0.999993      7999946    145635.56
       99.33     0.999994      7999949    154202.35
      100.35     0.999994      7999952    163840.00
      100.86     0.999994      7999955    174762.67
      101.38     0.999995      7999958    187245.71
      102.40     0.999995      7999961    201649.23
      103.94     0.999995      7999964    218453.33
      105.47     0.999996      7999968    238312.73
      106.50     0.999996      7999971    262144.00
      107.01     0.999996      7999973    275941.05
      107.01     0.999997      7999973    291271.11
      107.52     0.999997      7999975    308404.71
      108.03     0.999997      7999976    327680.00
      108.54     0.999997      7999978    349525.33
      109.06     0.999997      7999979    374491.43
      110.59     0.999998      7999981    403298.46
      111.10     0.999998      7999982    436906.67
      113.15     0.999998      7999985    476625.45
      113.15     0.999998      7999985    524288.00
      113.66     0.999998      7999986    551882.11
      114.17     0.999998      7999987    582542.22
      114.69     0.999998      7999988    616809.41
      114.69     0.999998      7999988    655360.00
      115.20     0.999999      7999990    699050.67
      115.20     0.999999      7999990    748982.86
      116.22     0.999999      7999992    806596.92
      116.22     0.999999      7999992    873813.33
      116.22     0.999999      7999992    953250.91
      116.73     0.999999      7999993   1048576.00
      116.73     0.999999      7999993   1103764.21
      117.25     0.999999      7999994   1165084.44
      117.25     0.999999      7999994   1233618.82
      117.25     0.999999      7999994   1310720.00
      117.76     0.999999      7999995   1398101.33
      117.76     0.999999      7999995   1497965.71
      118.27     0.999999      7999996   1613193.85
      118.27     0.999999      7999996   1747626.67
      118.27     0.999999      7999996   1906501.82
      119.81     1.000000      7999997   2097152.00
      119.81     1.000000      7999997   2207528.42
      119.81     1.000000      7999997   2330168.89
      119.81     1.000000      7999997   2467237.65
      119.81     1.000000      7999997   2621440.00
      120.32     1.000000      7999999   2796202.67
      120.32     1.000000      7999999   2995931.43
      120.32     1.000000      7999999   3226387.69
      120.32     1.000000      7999999   3495253.33
      120.32     1.000000      7999999   3813003.64
      120.32     1.000000      7999999   4194304.00
      120.32     1.000000      7999999   4415056.84
      120.32     1.000000      7999999   4660337.78
      120.32     1.000000      7999999   4934475.29
      120.32     1.000000      7999999   5242880.00
      120.32     1.000000      7999999   5592405.33
      120.32     1.000000      7999999   5991862.86
      120.32     1.000000      7999999   6452775.39
      120.32     1.000000      7999999   6990506.67
      120.32     1.000000      7999999   7626007.28
      121.34     1.000000      8000000   8388608.00
      121.34     1.000000      8000000          inf
#[Mean    =        1.513, StdDeviation   =        0.826]
#[Max     =      121.343, Total count    =      8000000]
#[Buckets =           10, SubBuckets     =          256]
