       Value   Percentile   TotalCount 1/(1-Percentile)

        0.03     0.000000            4         1.00
        0.08     0.050000           45         1.05
        0.12     0.100000           83         1.11
        0.17     0.150000          123         1.18
        0.25     0.200000          163         1.25
        0.30     0.250000          202         1.33
        0.38     0.300000          241         1.43
        0.43     0.350000          281         1.54
        0.52     0.400000          324         1.67
        0.62     0.450000          365         1.82
        0.69     0.500000          401         2.00
        0.72     0.525000          424         2.11
        0.76     0.550000          443         2.22
        0.81     0.575000          462         2.35
        0.84     0.600000          485         2.50
        0.87     0.625000          502         2.67
        0.90     0.650000          521         2.86
        0.94     0.675000          541         3.08
        0.97     0.700000          564         3.33
        1.00     0.725000          580         3.64
        1.05     0.750000          600         4.00
        1.06     0.762500          611         4.21
        1.09     0.775000          620         4.44
        1.10     0.787500          632         4.71
        1.12     0.800000          640         5.00
        1.14     0.812500          654         5.33
        1.15     0.825000          661         5.71
        1.18     0.837500          671         6.15
        1.22     0.850000          683         6.67
        1.24     0.862500          691         7.27
        1.29     0.875000          702         8.00
        1.29     0.881250          706         8.42
        1.32     0.887500          711         8.89
        1.35     0.893750          715         9.41
        1.38     0.900000          720        10.00
        1.43     0.906250          725        10.67
        1.51     0.912500          732        11.43
        1.57     0.918750          735        12.31
        1.66     0.925000          740        13.33
        1.73     0.931250          747        14.55
        1.74     0.937500          751        16.00
        1.77     0.940625          753        16.84
        1.78     0.943750          755        17.78
        1.90     0.946875          758        18.82
        1.94     0.950000          760        20.00
        1.97     0.953125          763        21.33
        2.02     0.956250          765        22.86
        2.08     0.959375          768        24.62
        2.10     0.962500          770        26.67
        2.14     0.965625          774        29.09
        2.17     0.968750          776        32.00
        2.19     0.970313          778        33.68
        2.19     0.971875          778        35.56
        2.21     0.973437          779        37.65
        2.22     0.975000          780        40.00
        2.33     0.976562          783        42.67
        2.33     0.978125          783        45.71
        2.35     0.979688          786        49.23
        2.35     0.981250          786        53.33
        2.37     0.982812          787        58.18
        2.38     0.984375          788        64.00
        2.40     0.985156          790        67.37
        2.40     0.985938          790        71.11
        2.40     0.986719          790        75.29
        2.40     0.987500          790        80.00
        2.43     0.988281          791        85.33
        2.46     0.989062          792        91.43
        2.46     0.989844          792        98.46
        2.53     0.990625          793       106.67
        2.78     0.991406          794       116.36
        2.78     0.992188          794       128.00
        3.20     0.992578          795       134.74
        3.20     0.992969          795       142.22
        3.20     0.993359          795       150.59
        3.20     0.993750          795       160.00
        3.25     0.994141          796       170.67
        3.25     0.994531          796       182.86
        3.25     0.994922          796       196.92
        4.22     0.995313          797       213.33
        4.22     0.995703          797       232.73
        4.22     0.996094          797       256.00
        4.48     0.996289          798       269.47
        4.48     0.996484          798       284.44
        4.48     0.996680          798       301.18
        4.48     0.996875          798       320.00
        4.48     0.997070          798       341.33
        4.48     0.997266          798       365.71
        4.48     0.997461          798       393.85
        4.54     0.997656          799       426.67
        4.54     0.997852          799       465.45
        4.54     0.998047          799       512.00
        4.54     0.998145          799       538.95
        4.54     0.998242          799       568.89
        4.54     0.998340          799       602.35
        4.54     0.998437          799       640.00
        4.54     0.998535          799       682.67
        4.54     0.998633          799       731.43
        4.54     0.998730          799       787.69
        6.97     0.998828          800       853.33
        6.97     1.000000          800          inf
#[Mean    =        0.762, StdDeviation   =        0.626]
#[Max     =        6.975, Total count    =          800]
#[Buckets =           10, SubBuckets     =          256]
